46,9
46,8
46,7
46,6
46,5
46,4
46,3
46,2
46,1
46,0
45,17
45,16
45,15
45,14
45,13
45,12
45,11
45,10
45,9
45,8
45,7
45,6
45,5
45,4
45,3
45,2
45,1
45,0
2,11
44,18
44,17
44,16
44,15
44,14
44,13
44,12
44,11
44,10
44,9
44,8
44,7
44,6
44,5
44,4
44,3
44,2
44,1
44,0
41,19
41,18
41,17
41,16
37,16
43,5
43,4
43,3
43,2
43,1
43,0
42,5
42,4
42,3
42,2
42,1
42,0
41,14
41,13
41,12
41,11
41,10
41,9
41,8
41,7
41,6
41,5
41,4
41,3
41,2
41,1
41,0
0,511
40,8
40,7
40,6
40,5
40,4
40,3
40,2
40,1
40,0
39,4
39,3
39,2
39,1
39,0
38,4
38,3
38,2
38,1
38,0
37,15
37,14
37,13
37,12
37,11
37,10
37,9
37,8
37,7
37,6
37,5
37,4
37,3
37,2
37,1
37,0
36,5
36,4
36,3
36,2
36,1
36,0
35,3
35,2
35,1
35,0
34,3
34,2
34,1
34,0
2,10
33,7
33,6
33,5
33,4
33,3
33,2
33,1
33,0
32,9
32,8
32,7
32,6
32,5
32,4
32,3
32,2
32,1
32,0
31,3
31,2
31,1
31,0
30,7
30,6
30,5
2,9
30,4
30,3
30,2
30,1
30,0
29,3
29,2
29,1
29,0
28,3
28,2
28,1
28,0
27,4
27,3
27,2
27,1
27,0
0,487
26,4
2,8
26,3
26,2
26,1
26,0
25,13
25,12
25,11
25,10
25,9
25,8
25,7
25,6
25,5
25,4
25,3
25,2
25,1
25,0
24,4
2,7
24,3
24,2
24,1
24,0
23,4
23,3
23,2
23,1
23,0
22,4
22,3
22,2
22,1
22,0
21,3
21,2
21,1
21,0
20,8
20,7
20,6
20,5
2,6
20,4
20,3
20,2
20,1
20,0
19,5
19,4
19,3
19,2
19,1
19,0
18,4
18,3
18,2
18,1
18,0
17,6
17,5
17,4
17,3
17,2
17,1
17,0
16,18
16,17
16,16
16,15
16,14
16,13
16,12
16,11
16,10
16,9
16,8
2,5
2,1
2,2
2,0
16,7
16,6
16,5
16,4
16,3
16,2
16,1
16,0
0,407
0,406
15,9
15,8
15,7
15,6
15,5
15,4
15,3
15,2
15,1
15,0
14,7
14,6
14,5
14,4
14,3
14,2
14,1
14,0
13,6
13,5
13,4
13,3
13,2
13,1
13,0
12,4
12,3
12,2
12,1
12,0
11,4
11,3
11,2
11,1
11,0
10,3
10,2
10,1
10,0
9,5
9,4
9,3
9,2
9,1
9,0
8,5
8,4
8,3
8,2
8,1
8,0
7,4
7,3
7,2
7,1
7,0
6,3
6,2
6,1
6,0
5,4
5,3
5,2
5,1
5,0
0,9
0,243
4,3
2,3
1,3
0,1
0,300
0,299
0,298
0,297
0,296
0,295
0,294
0,293
0,292
0,291
0,290
0,289
0,288
0,287
0,286
0,285
0,284
0,283
0,282
0,281
0,280
0,279
0,278
0,277
0,276
0,275
0,274
0,273
0,272
0,271
0,270
0,269
0,268
0,267
0,266
0,265
0,264
0,263
0,262
0,261
0,260
0,259
0,258
0,257
0,256
0,255
0,254
0,253
0,252
0,251
0,250
0,249
0,248
0,247
0,246
0,245
0,244
0,242
0,241
0,240
0,239
0,238
0,237
0,236
0,235
0,234
0,233
0,232
0,231
0,230
0,229
0,228
0,227
0,226
0,225
0,224
0,223
0,222
0,221
0,220
0,219
0,218
0,217
0,216
0,215
0,214
0,213
0,212
0,211
0,210
0,209
0,208
0,207
0,206
0,205
0,204
0,203
0,202
0,201
0,200
0,199
0,198
0,197
0,196
0,195
0,194
0,193
0,192
0,63
0,62
0,61
0,60
0,59
0,58
0,57
0,56
0,55
0,54
0,53
0,52
0,51
0,50
0,49
0,48
0,47
0,46
0,45
0,6
0,0
0,5
0,304
0,303
0,306
0,305
0,302
0,12
0,10
0,8
0,11
0,4
0,2
0,3
0,7
